 1950    1  0.92000E+00
 1950    2  0.40000E+00
 1950    3 -0.36000E+00
 1950    4  0.73000E+00
 1950    5 -0.59000E+00
 1950    6 -0.60000E-01
 1950    7 -0.12600E+01
 1950    8 -0.50000E-01
 1950    9  0.25000E+00
 1950   10  0.85000E+00
 1950   11 -0.12600E+01
 1950   12 -0.10200E+01
 1951    1  0.80000E-01
 1951    2  0.70000E+00
 1951    3 -0.10200E+01
 1951    4 -0.22000E+00
 1951    5 -0.59000E+00
 1951    6 -0.16400E+01
 1951    7  0.13700E+01
 1951    8 -0.22000E+00
 1951    9 -0.13600E+01
 1951   10  0.18700E+01
 1951   11 -0.39000E+00
 1951   12  0.13200E+01
 1952    1  0.93000E+00
 1952    2 -0.83000E+00
 1952    3 -0.14900E+01
 1952    4  0.10100E+01
 1952    5 -0.11200E+01
 1952    6 -0.40000E+00
 1952    7 -0.90000E-01
 1952    8 -0.28000E+00
 1952    9 -0.54000E+00
 1952   10 -0.73000E+00
 1952   11 -0.11300E+01
 1952   12 -0.43000E+00
 1953    1  0.33000E+00
 1953    2 -0.49000E+00
 1953    3 -0.40000E-01
 1953    4 -0.16700E+01
 1953    5 -0.66000E+00
 1953    6  0.10900E+01
 1953    7  0.40000E+00
 1953    8 -0.71000E+00
 1953    9 -0.35000E+00
 1953   10  0.13200E+01
 1953   11  0.10400E+01
 1953   12 -0.47000E+00
 1954    1  0.37000E+00
 1954    2  0.74000E+00
 1954    3 -0.83000E+00
 1954    4  0.13400E+01
 1954    5 -0.90000E-01
 1954    6 -0.25000E+00
 1954    7 -0.60000E+00
 1954    8 -0.19000E+01
 1954    9 -0.44000E+00
 1954   10  0.60000E+00
 1954   11  0.40000E+00
 1954   12  0.69000E+00
 1955    1 -0.18400E+01
 1955    2 -0.11200E+01
 1955    3 -0.53000E+00
 1955    4 -0.42000E+00
 1955    5 -0.34000E+00
 1955    6 -0.11000E+01
 1955    7  0.17600E+01
 1955    8  0.10700E+01
 1955    9  0.32000E+00
 1955   10 -0.14700E+01
 1955   11 -0.12900E+01
 1955   12  0.17000E+00
 1956    1 -0.22000E+00
 1956    2 -0.11200E+01
 1956    3 -0.50000E-01
 1956    4 -0.10600E+01
 1956    5  0.22100E+01
 1956    6  0.10000E+00
 1956    7 -0.75000E+00
 1956    8 -0.13700E+01
 1956    9  0.24000E+00
 1956   10  0.88000E+00
 1956   11  0.51000E+00
 1956   12  0.10000E+00
 1957    1  0.10500E+01
 1957    2  0.11000E+00
 1957    3 -0.12600E+01
 1957    4  0.49000E+00
 1957    5 -0.79000E+00
 1957    6 -0.72000E+00
 1957    7 -0.11900E+01
 1957    8 -0.55000E+00
 1957    9 -0.16600E+01
 1957   10  0.13200E+01
 1957   11  0.73000E+00
 1957   12  0.12000E+00
 1958    1 -0.54000E+00
 1958    2 -0.10600E+01
 1958    3 -0.19600E+01
 1958    4  0.37000E+00
 1958    5 -0.24000E+00
 1958    6 -0.13800E+01
 1958    7 -0.17300E+01
 1958    8 -0.15600E+01
 1958    9 -0.70000E-01
 1958   10  0.16000E+00
 1958   11  0.16400E+01
 1958   12 -0.70000E+00
 1959    1 -0.87000E+00
 1959    2  0.68000E+00
 1959    3 -0.15000E+00
 1959    4  0.36000E+00
 1959    5  0.39000E+00
 1959    6  0.40000E+00
 1959    7  0.74000E+00
 1959    8  0.60000E-01
 1959    9  0.88000E+00
 1959   10  0.89000E+00
 1959   11  0.41000E+00
 1959   12  0.44000E+00
 1960    1 -0.12900E+01
 1960    2 -0.18900E+01
 1960    3 -0.50000E+00
 1960    4  0.13600E+01
 1960    5  0.45000E+00
 1960    6 -0.21000E+00
 1960    7  0.35000E+00
 1960    8 -0.14000E+01
 1960    9  0.39000E+00
 1960   10 -0.17300E+01
 1960   11 -0.51000E+00
 1960   12  0.60000E-01
 1961    1  0.41000E+00
 1961    2  0.45000E+00
 1961    3  0.55000E+00
 1961    4 -0.15500E+01
 1961    5 -0.36000E+00
 1961    6  0.86000E+00
 1961    7 -0.39000E+00
 1961    8  0.90000E+00
 1961    9  0.12400E+01
 1961   10  0.51000E+00
 1961   11 -0.62000E+00
 1961   12 -0.14800E+01
 1962    1  0.61000E+00
 1962    2  0.55000E+00
 1962    3 -0.24700E+01
 1962    4  0.99000E+00
 1962    5 -0.10000E+00
 1962    6  0.16000E+00
 1962    7 -0.24700E+01
 1962    8  0.14000E+00
 1962    9 -0.37000E+00
 1962   10  0.41000E+00
 1962   11 -0.23000E+00
 1962   12 -0.13200E+01
 1963    1 -0.21200E+01
 1963    2 -0.96000E+00
 1963    3 -0.43000E+00
 1963    4 -0.13500E+01
 1963    5  0.21600E+01
 1963    6 -0.43000E+00
 1963    7 -0.77000E+00
 1963    8 -0.64000E+00
 1963    9  0.17900E+01
 1963   10  0.94000E+00
 1963   11 -0.12700E+01
 1963   12 -0.19200E+01
 1964    1 -0.95000E+00
 1964    2 -0.14300E+01
 1964    3 -0.12000E+01
 1964    4  0.36000E+00
 1964    5  0.52000E+00
 1964    6  0.12900E+01
 1964    7  0.19000E+01
 1964    8 -0.17700E+01
 1964    9  0.20000E+00
 1964   10  0.74000E+00
 1964   11 -0.10000E-01
 1964   12 -0.15000E+00
 1965    1 -0.12000E+00
 1965    2 -0.15500E+01
 1965    3 -0.15100E+01
 1965    4  0.72000E+00
 1965    5 -0.62000E+00
 1965    6  0.29000E+00
 1965    7  0.32000E+00
 1965    8  0.45000E+00
 1965    9  0.37000E+00
 1965   10  0.38000E+00
 1965   11 -0.16600E+01
 1965   12  0.13700E+01
 1966    1 -0.17400E+01
 1966    2 -0.13900E+01
 1966    3  0.56000E+00
 1966    4 -0.75000E+00
 1966    5  0.22000E+00
 1966    6  0.10500E+01
 1966    7  0.32000E+00
 1966    8 -0.17600E+01
 1966    9 -0.45000E+00
 1966   10 -0.68000E+00
 1966   11 -0.40000E-01
 1966   12  0.72000E+00
 1967    1 -0.89000E+00
 1967    2  0.19000E+00
 1967    3  0.15100E+01
 1967    4  0.18000E+00
 1967    5 -0.99000E+00
 1967    6  0.14000E+01
 1967    7  0.41000E+00
 1967    8  0.14400E+01
 1967    9  0.93000E+00
 1967   10  0.70000E-01
 1967   11  0.60000E+00
 1967   12 -0.45000E+00
 1968    1  0.13000E+00
 1968    2 -0.12900E+01
 1968    3  0.40000E+00
 1968    4 -0.10800E+01
 1968    5 -0.17600E+01
 1968    6  0.33000E+00
 1968    7 -0.80000E+00
 1968    8 -0.66000E+00
 1968    9 -0.19200E+01
 1968   10 -0.23000E+01
 1968   11 -0.93000E+00
 1968   12 -0.14000E+01
 1969    1 -0.83000E+00
 1969    2 -0.15500E+01
 1969    3 -0.15600E+01
 1969    4  0.15300E+01
 1969    5  0.55000E+00
 1969    6  0.55000E+00
 1969    7  0.57000E+00
 1969    8 -0.14500E+01
 1969    9  0.20700E+01
 1969   10  0.66000E+00
 1969   11 -0.96000E+00
 1969   12 -0.28000E+00
 1970    1 -0.15000E+01
 1970    2  0.64000E+00
 1970    3 -0.96000E+00
 1970    4 -0.13000E+01
 1970    5  0.11400E+01
 1970    6  0.15500E+01
 1970    7  0.10000E+00
 1970    8  0.10000E+00
 1970    9 -0.90000E-01
 1970   10 -0.92000E+00
 1970   11 -0.60000E+00
 1970   12 -0.12000E+01
 1971    1 -0.11300E+01
 1971    2  0.24000E+00
 1971    3 -0.84000E+00
 1971    4 -0.24000E+00
 1971    5  0.50000E+00
 1971    6 -0.15700E+01
 1971    7  0.24000E+00
 1971    8  0.15500E+01
 1971    9  0.39000E+00
 1971   10  0.58000E+00
 1971   11 -0.20000E+00
 1971   12  0.60000E+00
 1972    1  0.27000E+00
 1972    2  0.32000E+00
 1972    3  0.72000E+00
 1972    4 -0.22000E+00
 1972    5  0.95000E+00
 1972    6  0.88000E+00
 1972    7  0.18000E+00
 1972    8  0.13200E+01
 1972    9 -0.12000E+00
 1972   10  0.10900E+01
 1972   11  0.54000E+00
 1972   12  0.19000E+00
 1973    1  0.40000E-01
 1973    2  0.85000E+00
 1973    3  0.30000E+00
 1973    4 -0.54000E+00
 1973    5 -0.44000E+00
 1973    6  0.39000E+00
 1973    7  0.57000E+00
 1973    8 -0.60000E-01
 1973    9 -0.30000E+00
 1973   10 -0.12400E+01
 1973   11 -0.93000E+00
 1973   12  0.32000E+00
 1974    1  0.13400E+01
 1974    2 -0.14000E+00
 1974    3 -0.30000E-01
 1974    4  0.51000E+00
 1974    5 -0.24000E+00
 1974    6 -0.14000E+00
 1974    7 -0.76000E+00
 1974    8 -0.64000E+00
 1974    9  0.82000E+00
 1974   10  0.49000E+00
 1974   11 -0.54000E+00
 1974   12  0.15000E+01
 1975    1  0.58000E+00
 1975    2 -0.62000E+00
 1975    3 -0.61000E+00
 1975    4 -0.16000E+01
 1975    5 -0.52000E+00
 1975    6 -0.84000E+00
 1975    7  0.15500E+01
 1975    8 -0.26000E+00
 1975    9  0.15600E+01
 1975   10 -0.54000E+00
 1975   11  0.41000E+00
 1975   12  0.00000E+00
 1976    1 -0.25000E+00
 1976    2  0.93000E+00
 1976    3  0.75000E+00
 1976    4  0.26000E+00
 1976    5  0.96000E+00
 1976    6  0.80000E+00
 1976    7 -0.32000E+00
 1976    8  0.19200E+01
 1976    9 -0.12900E+01
 1976   10 -0.80000E-01
 1976   11  0.17000E+00
 1976   12 -0.16000E+01
 1977    1 -0.10400E+01
 1977    2 -0.49000E+00
 1977    3 -0.81000E+00
 1977    4  0.65000E+00
 1977    5 -0.86000E+00
 1977    6 -0.57000E+00
 1977    7 -0.45000E+00
 1977    8 -0.28000E+00
 1977    9  0.37000E+00
 1977   10  0.52000E+00
 1977   11 -0.70000E-01
 1977   12 -0.10000E+01
 1978    1  0.66000E+00
 1978    2 -0.22000E+01
 1978    3  0.70000E+00
 1978    4 -0.11700E+01
 1978    5  0.10800E+01
 1978    6  0.13800E+01
 1978    7 -0.11400E+01
 1978    8  0.64000E+00
 1978    9  0.46000E+00
 1978   10  0.19300E+01
 1978   11  0.30400E+01
 1978   12 -0.15700E+01
 1979    1 -0.13800E+01
 1979    2 -0.67000E+00
 1979    3  0.78000E+00
 1979    4 -0.17100E+01
 1979    5 -0.10300E+01
 1979    6  0.16000E+01
 1979    7  0.83000E+00
 1979    8  0.96000E+00
 1979    9  0.10100E+01
 1979   10 -0.30000E+00
 1979   11  0.53000E+00
 1979   12  0.10000E+01
 1980    1 -0.75000E+00
 1980    2  0.50000E-01
 1980    3 -0.31000E+00
 1980    4  0.12900E+01
 1980    5 -0.15000E+01
 1980    6 -0.37000E+00
 1980    7 -0.42000E+00
 1980    8 -0.22400E+01
 1980    9  0.66000E+00
 1980   10 -0.17700E+01
 1980   11 -0.37000E+00
 1980   12  0.78000E+00
 1981    1  0.37000E+00
 1981    2  0.92000E+00
 1981    3 -0.11900E+01
 1981    4  0.36000E+00
 1981    5  0.20000E+00
 1981    6 -0.45000E+00
 1981    7  0.50000E-01
 1981    8  0.39000E+00
 1981    9 -0.14500E+01
 1981   10 -0.13500E+01
 1981   11 -0.38000E+00
 1981   12 -0.20000E-01
 1982    1 -0.89000E+00
 1982    2  0.11500E+01
 1982    3  0.11500E+01
 1982    4  0.10000E+00
 1982    5 -0.53000E+00
 1982    6 -0.16300E+01
 1982    7  0.11500E+01
 1982    8  0.26000E+00
 1982    9  0.17600E+01
 1982   10 -0.74000E+00
 1982   11  0.16000E+01
 1982   12  0.17800E+01
 1983    1  0.15900E+01
 1983    2 -0.53000E+00
 1983    3  0.95000E+00
 1983    4 -0.85000E+00
 1983    5 -0.70000E-01
 1983    6  0.99000E+00
 1983    7  0.11900E+01
 1983    8  0.16100E+01
 1983    9 -0.11200E+01
 1983   10  0.65000E+00
 1983   11 -0.98000E+00
 1983   12  0.29000E+00
 1984    1  0.16600E+01
 1984    2  0.72000E+00
 1984    3 -0.37000E+00
 1984    4 -0.28000E+00
 1984    5  0.54000E+00
 1984    6 -0.42000E+00
 1984    7 -0.70000E-01
 1984    8  0.11500E+01
 1984    9  0.17000E+00
 1984   10 -0.70000E-01
 1984   11 -0.60000E-01
 1984   12  0.00000E+00
 1985    1 -0.16100E+01
 1985    2 -0.49000E+00
 1985    3  0.20000E+00
 1985    4  0.32000E+00
 1985    5 -0.49000E+00
 1985    6 -0.80000E+00
 1985    7  0.12200E+01
 1985    8 -0.48000E+00
 1985    9 -0.52000E+00
 1985   10  0.90000E+00
 1985   11 -0.67000E+00
 1985   12  0.22000E+00
 1986    1  0.11100E+01
 1986    2 -0.10000E+01
 1986    3  0.17100E+01
 1986    4 -0.59000E+00
 1986    5  0.85000E+00
 1986    6  0.12200E+01
 1986    7  0.12000E+00
 1986    8 -0.10900E+01
 1986    9 -0.11200E+01
 1986   10  0.15500E+01
 1986   11  0.22900E+01
 1986   12  0.99000E+00
 1987    1 -0.11500E+01
 1987    2 -0.73000E+00
 1987    3  0.14000E+00
 1987    4  0.20000E+01
 1987    5  0.98000E+00
 1987    6 -0.18200E+01
 1987    7  0.52000E+00
 1987    8 -0.83000E+00
 1987    9 -0.12200E+01
 1987   10  0.14000E+00
 1987   11  0.18000E+00
 1987   12  0.32000E+00
 1988    1  0.10200E+01
 1988    2  0.76000E+00
 1988    3 -0.17000E+00
 1988    4 -0.11700E+01
 1988    5  0.63000E+00
 1988    6  0.88000E+00
 1988    7 -0.35000E+00
 1988    8  0.40000E-01
 1988    9 -0.99000E+00
 1988   10 -0.10800E+01
 1988   11 -0.34000E+00
 1988   12  0.61000E+00
 1989    1  0.11700E+01
 1989    2  0.20000E+01
 1989    3  0.18500E+01
 1989    4  0.28000E+00
 1989    5  0.13800E+01
 1989    6 -0.27000E+00
 1989    7  0.97000E+00
 1989    8  0.10000E-01
 1989    9  0.20500E+01
 1989   10 -0.30000E-01
 1989   11  0.16000E+00
 1989   12 -0.11500E+01
 1990    1  0.10400E+01
 1990    2  0.14100E+01
 1990    3  0.14600E+01
 1990    4  0.20000E+01
 1990    5 -0.15300E+01
 1990    6 -0.20000E-01
 1990    7  0.53000E+00
 1990    8  0.97000E+00
 1990    9  0.10600E+01
 1990   10  0.23000E+00
 1990   11 -0.24000E+00
 1990   12  0.22000E+00
 1991    1  0.86000E+00
 1991    2  0.10400E+01
 1991    3 -0.20000E+00
 1991    4  0.29000E+00
 1991    5  0.80000E-01
 1991    6 -0.82000E+00
 1991    7 -0.49000E+00
 1991    8  0.12300E+01
 1991    9  0.48000E+00
 1991   10 -0.19000E+00
 1991   11  0.48000E+00
 1991   12  0.46000E+00
 1992    1 -0.13000E+00
 1992    2  0.10700E+01
 1992    3  0.87000E+00
 1992    4  0.18600E+01
 1992    5  0.26300E+01
 1992    6  0.20000E+00
 1992    7  0.16000E+00
 1992    8  0.85000E+00
 1992    9 -0.44000E+00
 1992   10 -0.17600E+01
 1992   11  0.11900E+01
 1992   12  0.47000E+00
 1993    1  0.16000E+01
 1993    2  0.50000E+00
 1993    3  0.67000E+00
 1993    4  0.97000E+00
 1993    5 -0.78000E+00
 1993    6 -0.59000E+00
 1993    7 -0.31800E+01
 1993    8  0.12000E+00
 1993    9 -0.57000E+00
 1993   10 -0.71000E+00
 1993   11  0.25600E+01
 1993   12  0.15600E+01
 1994    1  0.10400E+01
 1994    2  0.46000E+00
 1994    3  0.12600E+01
 1994    4  0.11400E+01
 1994    5 -0.57000E+00
 1994    6  0.15200E+01
 1994    7  0.13100E+01
 1994    8  0.38000E+00
 1994    9 -0.13200E+01
 1994   10 -0.97000E+00
 1994   11  0.64000E+00
 1994   12  0.20200E+01
 1995    1  0.93000E+00
 1995    2  0.11400E+01
 1995    3  0.12500E+01
 1995    4 -0.85000E+00
 1995    5 -0.14900E+01
 1995    6  0.13000E+00
 1995    7 -0.22000E+00
 1995    8  0.69000E+00
 1995    9  0.31000E+00
 1995   10  0.19000E+00
 1995   11 -0.13800E+01
 1995   12 -0.16700E+01
 1996    1 -0.12000E+00
 1996    2 -0.70000E-01
 1996    3 -0.24000E+00
 1996    4 -0.17000E+00
 1996    5 -0.10600E+01
 1996    6  0.56000E+00
 1996    7  0.67000E+00
 1996    8  0.10200E+01
 1996    9 -0.86000E+00
 1996   10 -0.33000E+00
 1996   11 -0.56000E+00
 1996   12 -0.14100E+01
 1997    1 -0.49000E+00
 1997    2  0.17000E+01
 1997    3  0.14600E+01
 1997    4 -0.10200E+01
 1997    5 -0.28000E+00
 1997    6 -0.14700E+01
 1997    7  0.34000E+00
 1997    8  0.83000E+00
 1997    9  0.61000E+00
 1997   10 -0.17000E+01
 1997   11 -0.90000E+00
 1997   12 -0.96000E+00
 1998    1  0.39000E+00
 1998    2 -0.11000E+00
 1998    3  0.87000E+00
 1998    4 -0.68000E+00
 1998    5 -0.13200E+01
 1998    6 -0.27200E+01
 1998    7 -0.48000E+00
 1998    8 -0.20000E-01
 1998    9 -0.20000E+01
 1998   10 -0.29000E+00
 1998   11 -0.28000E+00
 1998   12  0.87000E+00
 1999    1  0.77000E+00
 1999    2  0.29000E+00
 1999    3  0.23000E+00
 1999    4 -0.95000E+00
 1999    5  0.92000E+00
 1999    6  0.11200E+01
 1999    7 -0.90000E+00
 1999    8  0.39000E+00
 1999    9  0.36000E+00
 1999   10  0.20000E+00
 1999   11  0.65000E+00
 1999   12  0.16100E+01
 2000    1  0.60000E+00
 2000    2  0.17000E+01
 2000    3  0.77000E+00
 2000    4 -0.30000E-01
 2000    5  0.15800E+01
 2000    6 -0.30000E-01
 2000    7 -0.10300E+01
 2000    8 -0.29000E+00
 2000    9 -0.21000E+00
 2000   10  0.92000E+00
 2000   11 -0.92000E+00
 2000   12 -0.58000E+00
 2001    1  0.25000E+00
 2001    2  0.45000E+00
 2001    3 -0.12600E+01
 2001    4  0.00000E+00
 2001    5 -0.20000E-01
 2001    6 -0.20000E+00
 2001    7 -0.25000E+00
 2001    8 -0.70000E-01
 2001    9 -0.65000E+00
 2001   10 -0.24000E+00
 2001   11  0.63000E+00
 2001   12 -0.83000E+00
 2002    1  0.44000E+00
 2002    2  0.11000E+01
 2002    3  0.69000E+00
 2002    4  0.11800E+01
 2002    5 -0.22000E+00
 2002    6  0.38000E+00
 2002    7  0.62000E+00
 2002    8  0.38000E+00
 2002    9 -0.70000E+00
 2002   10 -0.22800E+01
 2002   11 -0.18000E+00
 2002   12 -0.94000E+00
 2003    1  0.16000E+00
 2003    2  0.62000E+00
 2003    3  0.32000E+00
 2003    4 -0.18000E+00
 2003    5  0.10000E-01
 2003    6 -0.70000E-01
 2003    7  0.13000E+00
 2003    8 -0.70000E-01
 2003    9  0.10000E-01
 2003   10 -0.12600E+01
 2003   11  0.86000E+00
 2003   12  0.64000E+00
 2004    1 -0.29000E+00
 2004    2 -0.14000E+00
 2004    3  0.10200E+01
 2004    4  0.11500E+01
 2004    5  0.19000E+00
 2004    6 -0.89000E+00
 2004    7  0.11300E+01
 2004    8 -0.48000E+00
 2004    9  0.38000E+00
 2004   10 -0.11000E+01
 2004   11  0.73000E+00
 2004   12  0.12100E+01
 2005    1  0.15200E+01
 2005    2 -0.60000E-01
 2005    3 -0.18300E+01
 2005    4 -0.30000E+00
 2005    5 -0.12500E+01
 2005    6 -0.50000E-01
 2005    7 -0.51000E+00
 2005    8  0.37000E+00
 2005    9  0.63000E+00
 2005   10 -0.98000E+00
 2005   11 -0.31000E+00
 2005   12 -0.44000E+00
 2006    1  0.12651E+01
 2006    2 -0.51059E+00
 2006    3 -0.12779E+01
 2006    4  0.12353E+01
 2006    5 -0.11444E+01
 2006    6  0.84123E+00
 2006    7  0.90244E+00
 2006    8 -0.17264E+01
 2006    9 -0.16219E+01
 2006   10 -0.22439E+01
 2006   11  0.43681E+00
 2006   12  0.13366E+01
 2007    1  0.22265E+00
 2007    2 -0.47004E+00
 2007    3  0.14425E+01
 2007    4  0.16942E+00
 2007    5  0.66381E+00
 2007    6 -0.13064E+01
 2007    7 -0.57942E+00
 2007    8 -0.13900E+00
 2007    9  0.72127E+00
 2007   10  0.44653E+00
 2007   11  0.57559E+00
 2007   12  0.34358E+00
 2008    1  0.89011E+00
 2008    2  0.73461E+00
 2008    3  0.76088E-01
 2008    4 -0.10655E+01
 2008    5 -0.17280E+01
 2008    6 -0.13895E+01
 2008    7 -0.12741E+01
 2008    8 -0.11602E+01
 2008    9  0.10169E+01
 2008   10 -0.43356E-01
 2008   11 -0.31995E+00
 2008   12 -0.27655E+00
 2009    1 -0.74816E-02
 2009    2  0.56526E-01
 2009    3  0.57230E+00
 2009    4 -0.20439E+00
 2009    5  0.16827E+01
 2009    6 -0.12074E+01
 2009    7 -0.21529E+01
 2009    8 -0.19385E+00
 2009    9  0.15089E+01
 2009   10 -0.10322E+01
 2009   11 -0.24814E-01
 2009   12 -0.19257E+01
 2010    1 -0.11086E+01
 2010    2 -0.19845E+01
 2010    3 -0.88312E+00
 2010    4 -0.71995E+00
 2010    5 -0.14870E+01
 2010    6 -0.81597E+00
 2010    7 -0.42496E+00
 2010    8 -0.12227E+01
 2010    9 -0.79482E+00
 2010   10 -0.92830E+00
 2010   11 -0.16158E+01
 2010   12 -0.18472E+01
 2011    1 -0.87685E+00
 2011    2  0.70124E+00
 2011    3  0.61290E+00
 2011    4  0.24775E+01
 2011    5 -0.62273E-01
 2011    6 -0.12795E+01
 2011    7 -0.15122E+01
 2011    8 -0.13475E+01
 2011    9  0.53603E+00
 2011   10  0.39353E+00
 2011   11  0.13602E+01
 2011   12  0.25213E+01
 2012    1  0.11739E+01
 2012    2  0.42010E+00
 2012    3  0.12655E+01
 2012    4  0.47098E+00
 2012    5 -0.90683E+00
 2012    6 -0.25309E+01
 2012    7 -0.13215E+01
 2012    8 -0.98321E+00
 2012    9 -0.58608E+00
 2012   10 -0.20620E+01
 2012   11 -0.57820E+00
 2012   12  0.17064E+00
 2013    1  0.34530E+00
 2013    2 -0.45306E+00
 2013    3 -0.16119E+01
 2013    4  0.68700E+00
 2013    5  0.56906E+00
 2013    6  0.52076E+00
 2013    7  0.67216E+00
 2013    8  0.97019E+00
 2013    9  0.24060E+00
 2013   10 -0.12801E+01
 2013   11  0.90082E+00
 2013   12  0.94566E+00
 2014    1  0.29026E+00
 2014    2  0.13352E+01
 2014    3  0.79827E+00
 2014    4  0.30522E+00
 2014    5 -0.92250E+00
 2014    6 -0.97006E+00
 2014    7  0.17539E+00
 2014    8 -0.16815E+01
 2014    9  0.16163E+01
 2014   10 -0.12706E+01
 2014   11  0.67797E+00
 2014   12  0.18575E+01
 2015    1  0.17887E+01
 2015    2  0.13228E+01
 2015    3  0.14497E+01
 2015    4  0.72535E+00
 2015    5  0.14552E+00
 2015    6 -0.66822E-01
 2015    7 -0.31790E+01
 2015    8 -0.76036E+00
 2015    9 -0.64846E+00
 2015   10  0.43723E+00
 2015   11  0.17438E+01
 2015   12  0.22436E+01
 2016    1  0.11652E+00
 2016    2  0.15803E+01
 2016    3  0.73440E+00
 2016    4  0.37514E+00
 2016    5 -0.77358E+00
 2016    6 -0.43251E+00
 2016    7 -0.17603E+01
 2016    8 -0.16453E+01
 2016    9  0.61096E+00
 2016   10  0.41125E+00
 2016   11 -0.16366E+00
 2016   12  0.47833E+00
 2017    1  0.47824E+00
 2017    2  0.10048E+01
 2017    3  0.73702E+00
 2017    4  0.17325E+01
 2017    5 -0.19110E+01
 2017    6  0.45036E-01
 2017    7  0.12556E+01
 2017    8 -0.10977E+01
 2017    9 -0.61273E+00
 2017   10  0.18594E+00
 2017   11 -0.48984E-02
 2017   12  0.88158E+00
 2018    1  0.14423E+01
 2018    2  0.15778E+01
 2018    3 -0.92690E+00
 2018    4  0.12411E+01
 2018    5  0.21208E+01
 2018    6  0.10880E+01
 2018    7  0.13893E+01
 2018    8  0.19670E+01
 2018    9  0.16736E+01
 2018   10  0.93453E+00
 2018   11 -0.11126E+00
